0 0.064403 0.486842 0.044496 0.710526
0 0.115925 0.513158 0.039813 0.710526
0 0.165105 0.513158 0.039813 0.763158
0 0.217799 0.486842 0.042155 0.763158
0 0.312646 0.500000 0.049180 0.736842
0 0.359485 0.500000 0.044496 0.736842
0 0.412178 0.500000 0.046838 0.736842
0 0.462529 0.513158 0.044496 0.763158
0 0.560890 0.486842 0.049180 0.763158
0 0.613583 0.486842 0.042155 0.763158
0 0.663934 0.486842 0.044496 0.657895
0 0.711944 0.447368 0.042155 0.684211
0 0.809133 0.500000 0.044496 0.736842
0 0.860656 0.473684 0.044496 0.736842
0 0.909836 0.473684 0.044496 0.789474
0 0.960187 0.486842 0.046838 0.763158
