0 0.032581 0.486842 0.045113 0.710526
0 0.083960 0.486842 0.042607 0.710526
0 0.134085 0.486842 0.042607 0.710526
0 0.187970 0.486842 0.040100 0.710526
0 0.285714 0.526316 0.050125 0.789474
0 0.337093 0.473684 0.047619 0.736842
0 0.385965 0.486842 0.050125 0.710526
0 0.438596 0.473684 0.050125 0.736842
0 0.540100 0.500000 0.052632 0.684211
0 0.593985 0.513158 0.045113 0.763158
0 0.645363 0.500000 0.047619 0.736842
0 0.696742 0.486842 0.045113 0.657895
0 0.793233 0.500000 0.052632 0.684211
0 0.845865 0.526316 0.052632 0.736842
0 0.897243 0.460526 0.045113 0.710526
0 0.953634 0.460526 0.047619 0.763158
