0 0.025990 0.442857 0.047030 0.771429
0 0.080446 0.485714 0.047030 0.742857
0 0.132426 0.442857 0.047030 0.771429
0 0.183168 0.442857 0.044554 0.771429
0 0.280941 0.428571 0.051980 0.800000
0 0.334158 0.471429 0.049505 0.771429
0 0.387376 0.485714 0.051980 0.800000
0 0.443069 0.500000 0.054455 0.771429
0 0.539604 0.485714 0.049505 0.857143
0 0.594059 0.471429 0.049505 0.828571
0 0.644802 0.442857 0.051980 0.828571
0 0.693069 0.442857 0.059406 0.828571
0 0.798267 0.457143 0.047030 0.800000
0 0.845297 0.428571 0.051980 0.685714
0 0.896040 0.528571 0.054455 0.942857
0 0.951733 0.500000 0.056931 0.828571
