0 0.036337 0.500000 0.061047 0.727273
0 0.095930 0.488636 0.063953 0.704545
0 0.154070 0.511364 0.063953 0.795455
0 0.209302 0.488636 0.058140 0.750000
0 0.300872 0.522727 0.055233 0.681818
0 0.356105 0.488636 0.072674 0.795455
0 0.409884 0.465909 0.046512 0.750000
0 0.470930 0.511364 0.069767 0.840909
0 0.552326 0.454545 0.058140 0.727273
0 0.613372 0.465909 0.058140 0.795455
0 0.671512 0.500000 0.058140 0.727273
0 0.723837 0.465909 0.063953 0.795455
0 0.811047 0.500000 0.058140 0.727273
0 0.861919 0.488636 0.061047 0.750000
0 0.925872 0.500000 0.061047 0.772727
0 0.973837 0.465909 0.052326 0.840909
