0 0.063397 0.476190 0.050239 0.809524
0 0.118421 0.476190 0.055024 0.761905
0 0.165072 0.476190 0.062201 0.857143
0 0.218900 0.428571 0.050239 0.809524
0 0.306220 0.452381 0.043062 0.809524
0 0.358852 0.464286 0.047847 0.833333
0 0.403110 0.488095 0.050239 0.785714
0 0.453349 0.464286 0.059809 0.880952
0 0.549043 0.488095 0.050239 0.785714
0 0.596890 0.488095 0.055024 0.880952
0 0.642344 0.464286 0.055024 0.833333
0 0.691388 0.500000 0.052632 0.809524
0 0.787081 0.500000 0.047847 0.809524
0 0.834928 0.511905 0.057416 0.833333
0 0.882775 0.523810 0.047847 0.857143
0 0.936603 0.452381 0.059809 0.761905
