0 0.044903 0.476190 0.055825 0.761905
0 0.093447 0.476190 0.036408 0.857143
0 0.145631 0.500000 0.048544 0.761905
0 0.195388 0.464286 0.055825 0.785714
0 0.292476 0.476190 0.055825 0.761905
0 0.342233 0.488095 0.043689 0.738095
0 0.389563 0.452381 0.050971 0.809524
0 0.445388 0.428571 0.060680 0.761905
0 0.546117 0.476190 0.053398 0.761905
0 0.593447 0.476190 0.055825 0.809524
0 0.640777 0.476190 0.053398 0.761905
0 0.690534 0.452381 0.050971 0.761905
0 0.792476 0.511905 0.046117 0.785714
0 0.838592 0.511905 0.046117 0.785714
0 0.887136 0.535714 0.046117 0.833333
0 0.938107 0.500000 0.055825 0.857143
