0 0.069554 0.513158 0.044619 0.710526
0 0.112861 0.513158 0.047244 0.710526
0 0.157480 0.526316 0.041995 0.842105
0 0.206037 0.486842 0.049869 0.815789
0 0.317585 0.552632 0.047244 0.736842
0 0.364829 0.513158 0.047244 0.710526
0 0.409449 0.539474 0.036745 0.763158
0 0.458005 0.526316 0.049869 0.684211
0 0.548556 0.552632 0.057743 0.736842
0 0.598425 0.500000 0.041995 0.736842
0 0.644357 0.526316 0.055118 0.684211
0 0.692913 0.526316 0.047244 0.684211
0 0.787402 0.539474 0.052493 0.710526
0 0.834646 0.513158 0.047244 0.763158
0 0.877953 0.500000 0.049869 0.684211
0 0.923885 0.513158 0.047244 0.657895
