0 0.056490 0.524390 0.045673 0.804878
0 0.102163 0.500000 0.036058 0.853659
0 0.150240 0.512195 0.050481 0.829268
0 0.200721 0.475610 0.060096 0.707317
0 0.306490 0.524390 0.045673 0.756098
0 0.352163 0.500000 0.045673 0.756098
0 0.394231 0.524390 0.048077 0.804878
0 0.442308 0.512195 0.048077 0.829268
0 0.546875 0.512195 0.045673 0.780488
0 0.598558 0.487805 0.048077 0.829268
0 0.644231 0.512195 0.048077 0.780488
0 0.695913 0.524390 0.050481 0.804878
0 0.800481 0.548780 0.052885 0.804878
0 0.850962 0.524390 0.052885 0.804878
0 0.895433 0.536585 0.050481 0.780488
0 0.944712 0.536585 0.052885 0.829268
