0 0.024570 0.445946 0.044226 0.837838
0 0.073710 0.472973 0.049140 0.837838
0 0.128993 0.432432 0.051597 0.810811
0 0.175676 0.432432 0.046683 0.810811
0 0.298526 0.459459 0.061425 0.864865
0 0.348894 0.459459 0.063882 0.864865
0 0.386978 0.459459 0.041769 0.864865
0 0.418919 0.472973 0.041769 0.891892
0 0.525799 0.459459 0.054054 0.864865
0 0.579853 0.459459 0.058968 0.864865
0 0.628993 0.459459 0.049140 0.864865
0 0.683047 0.445946 0.058968 0.837838
0 0.812039 0.445946 0.056511 0.837838
0 0.864865 0.459459 0.049140 0.864865
0 0.909091 0.445946 0.049140 0.837838
0 0.952088 0.472973 0.051597 0.891892
