0 0.044837 0.469697 0.046196 0.757576
0 0.095109 0.454545 0.043478 0.787879
0 0.142663 0.484848 0.051630 0.909091
0 0.191576 0.530303 0.046196 0.878788
0 0.323370 0.439394 0.048913 0.757576
0 0.372283 0.439394 0.048913 0.757576
0 0.422554 0.454545 0.051630 0.727273
0 0.471467 0.439394 0.046196 0.696970
0 0.600543 0.454545 0.048913 0.787879
0 0.650815 0.484848 0.051630 0.787879
0 0.698370 0.424242 0.048913 0.787879
0 0.745924 0.439394 0.057065 0.818182
0 0.853261 0.500000 0.048913 0.878788
0 0.898098 0.484848 0.051630 0.787879
0 0.945652 0.469697 0.059783 0.818182
