0 0.051899 0.512500 0.058228 0.775000
0 0.101266 0.537500 0.050633 0.725000
0 0.151899 0.512500 0.045570 0.725000
0 0.205063 0.500000 0.045570 0.650000
0 0.298734 0.537500 0.050633 0.725000
0 0.351899 0.512500 0.050633 0.725000
0 0.400000 0.512500 0.050633 0.675000
0 0.456962 0.525000 0.058228 0.700000
0 0.551899 0.512500 0.050633 0.725000
0 0.605063 0.537500 0.050633 0.725000
0 0.651899 0.512500 0.048101 0.625000
0 0.705063 0.475000 0.058228 0.650000
0 0.801266 0.537500 0.043038 0.775000
0 0.849367 0.500000 0.048101 0.650000
0 0.905063 0.575000 0.048101 0.700000
0 0.949367 0.537500 0.045570 0.725000
