0 0.033422 0.424242 0.045455 0.787879
0 0.084225 0.454545 0.050802 0.787879
0 0.136364 0.424242 0.053476 0.787879
0 0.187166 0.454545 0.048128 0.787879
0 0.291444 0.439394 0.053476 0.818182
0 0.342246 0.424242 0.048128 0.787879
0 0.390374 0.424242 0.048128 0.787879
0 0.449198 0.454545 0.048128 0.787879
0 0.552139 0.469697 0.050802 0.818182
0 0.604278 0.454545 0.048128 0.787879
0 0.652406 0.484848 0.048128 0.909091
0 0.705882 0.500000 0.053476 0.878788
0 0.804813 0.500000 0.058824 0.818182
0 0.859626 0.454545 0.040107 0.787879
0 0.914439 0.545455 0.053476 0.909091
0 0.967914 0.500000 0.053476 0.818182
