0 0.048206 0.524390 0.042601 0.902439
0 0.096413 0.500000 0.044843 0.756098
0 0.147982 0.524390 0.049327 0.804878
0 0.198430 0.487805 0.051570 0.829268
0 0.291480 0.487805 0.053812 0.829268
0 0.350897 0.500000 0.051570 0.804878
0 0.399103 0.475610 0.058296 0.853659
0 0.446188 0.487805 0.053812 0.780488
0 0.543722 0.548780 0.060538 0.902439
0 0.600897 0.536585 0.053812 0.878049
0 0.651345 0.524390 0.042601 0.902439
0 0.697309 0.487805 0.053812 0.829268
0 0.800448 0.524390 0.044843 0.853659
0 0.848655 0.560976 0.051570 0.878049
0 0.895740 0.536585 0.047085 0.878049
0 0.943946 0.536585 0.058296 0.926829
