0 0.035326 0.530303 0.043478 0.757576
0 0.078804 0.515152 0.038043 0.787879
0 0.114130 0.500000 0.048913 0.818182
0 0.161685 0.575758 0.051630 0.848485
0 0.322011 0.530303 0.040761 0.818182
0 0.355978 0.560606 0.043478 0.757576
0 0.391304 0.530303 0.048913 0.878788
0 0.437500 0.484848 0.043478 0.727273
0 0.569293 0.530303 0.046196 0.757576
0 0.607337 0.530303 0.040761 0.757576
0 0.650815 0.575758 0.046196 0.787879
0 0.692935 0.484848 0.048913 0.787879
0 0.817935 0.590909 0.054348 0.818182
0 0.861413 0.469697 0.043478 0.696970
0 0.899457 0.469697 0.048913 0.696970
0 0.948370 0.515152 0.048913 0.787879
