0 0.054286 0.569444 0.051429 0.805556
0 0.107143 0.555556 0.060000 0.888889
0 0.160000 0.555556 0.057143 0.888889
0 0.215714 0.513889 0.054286 0.916667
0 0.291429 0.527778 0.057143 0.777778
0 0.345714 0.527778 0.051429 0.888889
0 0.392857 0.541667 0.048571 0.861111
0 0.445714 0.541667 0.062857 0.916667
0 0.531429 0.541667 0.062857 0.916667
0 0.590000 0.555556 0.065714 0.888889
0 0.648571 0.541667 0.051429 0.916667
0 0.695714 0.541667 0.048571 0.916667
0 0.770000 0.486111 0.054286 0.805556
0 0.830000 0.513889 0.054286 0.916667
0 0.887143 0.527778 0.048571 0.944444
0 0.945714 0.513889 0.057143 0.861111
