0 0.078409 0.447368 0.047727 0.789474
0 0.122727 0.460526 0.045455 0.815789
0 0.168182 0.473684 0.040909 0.894737
0 0.210227 0.500000 0.047727 0.842105
0 0.314773 0.473684 0.043182 0.789474
0 0.354545 0.486842 0.045455 0.815789
0 0.396591 0.513158 0.038636 0.921053
0 0.440909 0.539474 0.050000 0.868421
0 0.545455 0.460526 0.050000 0.815789
0 0.588636 0.473684 0.045455 0.842105
0 0.632955 0.500000 0.047727 0.842105
0 0.679545 0.513158 0.050000 0.868421
0 0.778409 0.486842 0.043182 0.868421
0 0.826136 0.500000 0.047727 0.947368
0 0.867045 0.513158 0.043182 0.973684
0 0.910227 0.513158 0.043182 0.868421
