0 0.032483 0.458333 0.037123 0.750000
0 0.081206 0.486111 0.037123 0.805556
0 0.132251 0.472222 0.041763 0.833333
0 0.191415 0.486111 0.034803 0.805556
0 0.286543 0.486111 0.034803 0.861111
0 0.341067 0.444444 0.037123 0.722222
0 0.394432 0.458333 0.037123 0.694444
0 0.450116 0.472222 0.041763 0.722222
0 0.545244 0.458333 0.032483 0.750000
0 0.602088 0.458333 0.034803 0.750000
0 0.650812 0.444444 0.030162 0.833333
0 0.700696 0.444444 0.041763 0.777778
0 0.794664 0.458333 0.034803 0.750000
0 0.850348 0.416667 0.039443 0.777778
0 0.900232 0.458333 0.037123 0.750000
0 0.955916 0.472222 0.032483 0.722222
