0 0.051829 0.571429 0.054878 0.857143
0 0.103659 0.514286 0.054878 0.742857
0 0.153963 0.528571 0.051829 0.828571
0 0.210366 0.500000 0.054878 0.771429
0 0.306402 0.542857 0.057927 0.800000
0 0.361280 0.485714 0.051829 0.742857
0 0.411585 0.514286 0.048780 0.742857
0 0.466463 0.514286 0.060976 0.742857
0 0.550305 0.500000 0.045732 0.771429
0 0.603659 0.485714 0.048780 0.742857
0 0.658537 0.471429 0.060976 0.714286
0 0.702744 0.528571 0.057927 0.771429
0 0.795732 0.514286 0.054878 0.742857
0 0.855183 0.500000 0.057927 0.771429
0 0.903963 0.500000 0.057927 0.714286
0 0.958841 0.528571 0.051829 0.828571
