0 0.053425 0.452381 0.046575 0.666667
0 0.102740 0.404762 0.052055 0.666667
0 0.153425 0.416667 0.060274 0.642857
0 0.202740 0.416667 0.054795 0.642857
0 0.301370 0.428571 0.049315 0.619048
0 0.352055 0.416667 0.052055 0.642857
0 0.402740 0.452381 0.049315 0.619048
0 0.454795 0.440476 0.060274 0.642857
0 0.550685 0.428571 0.049315 0.666667
0 0.604110 0.428571 0.057534 0.666667
0 0.653425 0.464286 0.052055 0.690476
0 0.705479 0.428571 0.063014 0.714286
0 0.802740 0.476190 0.049315 0.761905
0 0.853425 0.476190 0.052055 0.666667
0 0.905479 0.440476 0.052055 0.690476
0 0.957534 0.428571 0.057534 0.666667
