0 0.090452 0.448718 0.045226 0.794872
0 0.138191 0.512821 0.055276 0.820513
0 0.193467 0.525641 0.050251 0.846154
0 0.241206 0.500000 0.055276 0.794872
0 0.319095 0.525641 0.050251 0.743590
0 0.369347 0.525641 0.045226 0.794872
0 0.415829 0.551282 0.047739 0.794872
0 0.469849 0.564103 0.050251 0.769231
0 0.545226 0.500000 0.050251 0.794872
0 0.590452 0.551282 0.050251 0.794872
0 0.646985 0.500000 0.047739 0.846154
0 0.692211 0.512821 0.052764 0.820513
0 0.772613 0.512821 0.057789 0.871795
0 0.820352 0.512821 0.047739 0.871795
0 0.873116 0.512821 0.042714 0.820513
0 0.922111 0.551282 0.055276 0.897436
