0 0.066667 0.435897 0.058667 0.717949
0 0.120000 0.448718 0.048000 0.692308
0 0.178667 0.461538 0.042667 0.717949
0 0.222667 0.461538 0.050667 0.717949
0 0.302667 0.512821 0.050667 0.769231
0 0.358667 0.500000 0.056000 0.794872
0 0.408000 0.435897 0.042667 0.820513
0 0.461333 0.500000 0.064000 0.897436
0 0.540000 0.487179 0.050667 0.717949
0 0.596000 0.448718 0.050667 0.846154
0 0.648000 0.512821 0.053333 0.769231
0 0.700000 0.512821 0.056000 0.769231
0 0.772000 0.500000 0.056000 0.692308
0 0.830667 0.538462 0.050667 0.820513
0 0.877333 0.576923 0.058667 0.743590
0 0.933333 0.551282 0.058667 0.897436
