0 0.048900 0.444444 0.044010 0.777778
0 0.090465 0.458333 0.044010 0.861111
0 0.130807 0.416667 0.046455 0.777778
0 0.180929 0.430556 0.048900 0.805556
0 0.298289 0.444444 0.039120 0.722222
0 0.344743 0.444444 0.044010 0.833333
0 0.383863 0.486111 0.044010 0.750000
0 0.435208 0.486111 0.039120 0.750000
0 0.555012 0.513889 0.044010 0.861111
0 0.599022 0.444444 0.039120 0.777778
0 0.643032 0.513889 0.039120 0.916667
0 0.689487 0.500000 0.048900 0.888889
0 0.805623 0.527778 0.041565 0.833333
0 0.848411 0.486111 0.039120 0.750000
0 0.898533 0.472222 0.041565 0.777778
0 0.940098 0.500000 0.046455 0.833333
