0 0.079518 0.442857 0.038554 0.828571
0 0.118072 0.485714 0.038554 0.800000
0 0.157831 0.500000 0.040964 0.771429
0 0.202410 0.471429 0.038554 0.771429
0 0.321687 0.557143 0.040964 0.771429
0 0.367470 0.528571 0.040964 0.828571
0 0.404819 0.557143 0.043373 0.885714
0 0.449398 0.542857 0.045783 0.914286
0 0.566265 0.457143 0.053012 0.857143
0 0.612048 0.471429 0.043373 0.714286
0 0.648193 0.471429 0.053012 0.714286
0 0.696386 0.514286 0.043373 0.800000
0 0.814458 0.485714 0.043373 0.742857
0 0.861446 0.457143 0.040964 0.742857
0 0.897590 0.557143 0.031325 0.885714
0 0.939759 0.471429 0.043373 0.771429
