0 0.040789 0.526316 0.050000 0.842105
0 0.103947 0.500000 0.055263 0.736842
0 0.155263 0.486842 0.047368 0.763158
0 0.200000 0.434211 0.042105 0.763158
0 0.300000 0.473684 0.057895 0.736842
0 0.357895 0.486842 0.052632 0.710526
0 0.410526 0.500000 0.047368 0.842105
0 0.463158 0.447368 0.057895 0.789474
0 0.568421 0.447368 0.052632 0.736842
0 0.623684 0.434211 0.047368 0.763158
0 0.676316 0.486842 0.047368 0.763158
0 0.727632 0.447368 0.044737 0.736842
0 0.825000 0.513158 0.044737 0.815789
0 0.885526 0.447368 0.044737 0.736842
0 0.935526 0.500000 0.055263 0.684211
