0 0.028721 0.472973 0.052219 0.675676
0 0.066580 0.459459 0.028721 0.756757
0 0.108355 0.486486 0.054830 0.702703
0 0.160574 0.472973 0.065274 0.729730
0 0.285901 0.500000 0.044386 0.621622
0 0.334204 0.486486 0.052219 0.702703
0 0.386423 0.486486 0.046997 0.702703
0 0.439948 0.500000 0.054830 0.729730
0 0.544386 0.540541 0.039164 0.702703
0 0.590078 0.486486 0.052219 0.702703
0 0.640992 0.459459 0.049608 0.648649
0 0.694517 0.486486 0.057441 0.756757
0 0.813316 0.513514 0.054830 0.702703
0 0.869452 0.527027 0.052219 0.729730
0 0.919060 0.486486 0.052219 0.594595
0 0.955614 0.486486 0.036554 0.756757
