0 0.050847 0.475610 0.043584 0.853659
0 0.094431 0.487805 0.038741 0.878049
0 0.146489 0.500000 0.046005 0.902439
0 0.192494 0.500000 0.055690 0.804878
0 0.296610 0.487805 0.055690 0.829268
0 0.341404 0.500000 0.062954 0.804878
0 0.393462 0.524390 0.050847 0.951220
0 0.437046 0.487805 0.055690 0.829268
0 0.546005 0.512195 0.065375 0.780488
0 0.590799 0.463415 0.053269 0.780488
0 0.641646 0.475610 0.048426 0.756098
0 0.690073 0.512195 0.053269 0.829268
0 0.796610 0.500000 0.043584 0.853659
0 0.841404 0.512195 0.050847 0.829268
0 0.889831 0.500000 0.055690 0.804878
0 0.939467 0.500000 0.062954 0.804878
