0 0.052000 0.512500 0.045333 0.725000
0 0.104000 0.500000 0.048000 0.750000
0 0.153333 0.475000 0.056000 0.650000
0 0.204000 0.512500 0.050667 0.775000
0 0.304000 0.487500 0.053333 0.775000
0 0.349333 0.487500 0.048000 0.875000
0 0.402667 0.550000 0.053333 0.850000
0 0.449333 0.475000 0.056000 0.850000
0 0.540000 0.562500 0.061333 0.875000
0 0.590667 0.562500 0.061333 0.825000
0 0.641333 0.512500 0.050667 0.825000
0 0.688000 0.550000 0.064000 0.900000
0 0.782667 0.550000 0.056000 0.750000
0 0.833333 0.525000 0.050667 0.750000
0 0.886667 0.550000 0.056000 0.750000
0 0.936000 0.537500 0.048000 0.875000
