0 0.039312 0.541667 0.049140 0.916667
0 0.087224 0.527778 0.041769 0.944444
0 0.135135 0.541667 0.039312 0.861111
0 0.179361 0.555556 0.039312 0.833333
0 0.297297 0.472222 0.039312 0.722222
0 0.337838 0.486111 0.041769 0.805556
0 0.384521 0.486111 0.036855 0.916667
0 0.429975 0.527778 0.044226 0.888889
0 0.554054 0.500000 0.051597 0.888889
0 0.593366 0.513889 0.056511 0.916667
0 0.641278 0.527778 0.044226 0.888889
0 0.683047 0.541667 0.073710 0.861111
0 0.809582 0.486111 0.046683 0.805556
0 0.855037 0.500000 0.044226 0.777778
0 0.901720 0.513889 0.049140 0.805556
0 0.942260 0.500000 0.046683 0.833333
