0 0.040650 0.545455 0.043360 0.848485
0 0.075881 0.530303 0.043360 0.818182
0 0.116531 0.484848 0.043360 0.787879
0 0.165312 0.515152 0.043360 0.787879
0 0.311653 0.530303 0.054201 0.696970
0 0.349593 0.484848 0.037940 0.787879
0 0.392954 0.545455 0.048780 0.666667
0 0.436314 0.530303 0.043360 0.696970
0 0.566396 0.530303 0.043360 0.696970
0 0.607046 0.530303 0.043360 0.696970
0 0.646341 0.530303 0.046070 0.696970
0 0.692412 0.545455 0.040650 0.727273
0 0.818428 0.560606 0.043360 0.757576
0 0.860434 0.454545 0.040650 0.727273
0 0.902439 0.590909 0.037940 0.757576
0 0.943089 0.545455 0.048780 0.787879
