0 0.085859 0.461538 0.045455 0.820513
0 0.138889 0.500000 0.045455 0.846154
0 0.186869 0.487179 0.050505 0.769231
0 0.234848 0.525641 0.060606 0.846154
0 0.313131 0.500000 0.050505 0.794872
0 0.363636 0.538462 0.050505 0.820513
0 0.412879 0.474359 0.053030 0.846154
0 0.463384 0.487179 0.047980 0.717949
0 0.544192 0.487179 0.047980 0.769231
0 0.592172 0.564103 0.047980 0.871795
0 0.640152 0.564103 0.047980 0.871795
0 0.689394 0.525641 0.050505 0.846154
0 0.771465 0.487179 0.047980 0.923077
0 0.816919 0.576923 0.058081 0.846154
0 0.867424 0.551282 0.053030 0.794872
0 0.921717 0.512821 0.060606 0.820513
