0 0.068460 0.514286 0.044010 0.800000
0 0.113692 0.557143 0.041565 0.885714
0 0.154034 0.528571 0.044010 0.714286
0 0.195599 0.557143 0.048900 0.885714
0 0.320293 0.485714 0.044010 0.742857
0 0.364303 0.500000 0.039120 0.828571
0 0.404645 0.471429 0.036675 0.885714
0 0.449878 0.485714 0.048900 0.800000
0 0.570905 0.514286 0.036675 0.800000
0 0.607579 0.500000 0.046455 0.828571
0 0.650367 0.542857 0.044010 0.800000
0 0.698044 0.557143 0.046455 0.828571
0 0.821516 0.528571 0.034230 0.828571
0 0.865526 0.485714 0.044010 0.685714
0 0.899756 0.557143 0.039120 0.828571
0 0.947433 0.514286 0.046455 0.857143
