0 0.050136 0.454545 0.046070 0.727273
0 0.098916 0.500000 0.040650 0.818182
0 0.150407 0.530303 0.040650 0.878788
0 0.201897 0.469697 0.056911 0.757576
0 0.327913 0.515152 0.054201 0.909091
0 0.376694 0.469697 0.043360 0.818182
0 0.424119 0.500000 0.056911 0.818182
0 0.475610 0.500000 0.051491 0.939394
0 0.602981 0.454545 0.051491 0.848485
0 0.654472 0.484848 0.046070 0.787879
0 0.701897 0.454545 0.048780 0.848485
0 0.752033 0.469697 0.046070 0.818182
0 0.853659 0.515152 0.048780 0.909091
0 0.905149 0.530303 0.043360 0.878788
0 0.952575 0.515152 0.056911 0.848485
