0 0.054813 0.486842 0.045455 0.815789
0 0.104278 0.486842 0.048128 0.868421
0 0.153743 0.513158 0.061497 0.868421
0 0.200535 0.500000 0.053476 0.842105
0 0.295455 0.513158 0.045455 0.921053
0 0.344920 0.513158 0.058824 0.868421
0 0.399733 0.500000 0.056150 0.789474
0 0.449198 0.500000 0.053476 0.894737
0 0.542781 0.500000 0.048128 0.842105
0 0.590909 0.513158 0.053476 0.868421
0 0.637701 0.513158 0.056150 0.868421
0 0.691176 0.513158 0.061497 0.868421
0 0.787433 0.500000 0.040107 0.842105
0 0.834225 0.500000 0.053476 0.842105
0 0.885027 0.500000 0.053476 0.789474
0 0.937166 0.473684 0.061497 0.789474
