0 0.055714 0.527027 0.060000 0.783784
0 0.114286 0.527027 0.051429 0.783784
0 0.164286 0.554054 0.054286 0.837838
0 0.218571 0.513514 0.054286 0.810811
0 0.291429 0.500000 0.057143 0.837838
0 0.347143 0.486486 0.054286 0.864865
0 0.398571 0.567568 0.048571 0.864865
0 0.444286 0.527027 0.048571 0.837838
0 0.531429 0.513514 0.057143 0.918919
0 0.592857 0.554054 0.048571 0.891892
0 0.650000 0.554054 0.054286 0.837838
0 0.697143 0.513514 0.045714 0.972973
0 0.771429 0.567568 0.051429 0.864865
0 0.831429 0.513514 0.057143 0.972973
0 0.887143 0.513514 0.048571 0.972973
0 0.950000 0.513514 0.065714 0.918919
