0 0.045213 0.512821 0.042553 0.820513
0 0.094415 0.564103 0.055851 0.769231
0 0.139628 0.525641 0.050532 0.794872
0 0.184840 0.551282 0.055851 0.794872
0 0.305851 0.551282 0.053191 0.743590
0 0.349734 0.525641 0.045213 0.743590
0 0.442819 0.551282 0.061170 0.897436
0 0.394947 0.576923 0.055851 0.743590
0 0.554521 0.576923 0.055851 0.846154
0 0.603723 0.576923 0.053191 0.846154
0 0.651596 0.538462 0.053191 0.923077
0 0.694149 0.576923 0.063830 0.846154
0 0.800532 0.589744 0.053191 0.820513
0 0.851064 0.576923 0.058511 0.846154
0 0.901596 0.551282 0.063830 0.743590
0 0.941489 0.551282 0.053191 0.897436
