0 0.056872 0.564103 0.042654 0.820513
0 0.097156 0.551282 0.047393 0.743590
0 0.143365 0.512821 0.049763 0.666667
0 0.194313 0.512821 0.056872 0.820513
0 0.306872 0.512821 0.045024 0.820513
0 0.349526 0.525641 0.045024 0.846154
0 0.394550 0.538462 0.045024 0.769231
0 0.433649 0.525641 0.056872 0.794872
0 0.558057 0.538462 0.045024 0.820513
0 0.599526 0.461538 0.052133 0.717949
0 0.644550 0.564103 0.037915 0.820513
0 0.691943 0.512821 0.047393 0.717949
0 0.804502 0.564103 0.045024 0.820513
0 0.848341 0.551282 0.047393 0.743590
0 0.894550 0.538462 0.045024 0.820513
0 0.936019 0.487179 0.052133 0.666667
