0 0.041363 0.525641 0.048662 0.794872
0 0.092457 0.525641 0.053528 0.897436
0 0.136253 0.551282 0.058394 0.897436
0 0.189781 0.500000 0.063260 0.846154
0 0.294404 0.487179 0.053528 0.923077
0 0.345499 0.500000 0.048662 0.846154
0 0.388078 0.500000 0.051095 0.794872
0 0.437956 0.461538 0.058394 0.820513
0 0.547445 0.512821 0.053528 0.769231
0 0.594891 0.512821 0.046229 0.769231
0 0.641119 0.538462 0.051095 0.871795
0 0.684915 0.500000 0.051095 0.897436
0 0.791971 0.551282 0.070560 0.897436
0 0.844282 0.551282 0.043796 0.846154
0 0.889294 0.525641 0.041363 0.948718
0 0.940389 0.576923 0.055961 0.846154
