0 0.037313 0.524390 0.044776 0.804878
0 0.089552 0.536585 0.044776 0.682927
0 0.139303 0.548780 0.049751 0.756098
0 0.192786 0.548780 0.042289 0.756098
0 0.289801 0.560976 0.047264 0.780488
0 0.338308 0.512195 0.059701 0.682927
0 0.388060 0.548780 0.054726 0.707317
0 0.440299 0.536585 0.049751 0.682927
0 0.538557 0.524390 0.047264 0.756098
0 0.589552 0.512195 0.044776 0.731707
0 0.639303 0.536585 0.039801 0.780488
0 0.690299 0.512195 0.057214 0.780488
0 0.784826 0.536585 0.052239 0.780488
0 0.839552 0.512195 0.052239 0.731707
0 0.893035 0.524390 0.049751 0.707317
0 0.944030 0.560976 0.057214 0.731707
