0 0.047297 0.500000 0.058559 0.853659
0 0.097973 0.536585 0.056306 0.926829
0 0.149775 0.560976 0.060811 0.878049
0 0.200450 0.500000 0.054054 0.853659
0 0.290541 0.475610 0.054054 0.902439
0 0.345721 0.475610 0.047297 0.902439
0 0.402027 0.500000 0.056306 0.951220
0 0.452703 0.512195 0.049550 0.878049
0 0.552928 0.560976 0.051802 0.829268
0 0.608108 0.463415 0.054054 0.829268
0 0.654279 0.512195 0.047297 0.926829
0 0.701577 0.487805 0.056306 0.878049
0 0.801802 0.500000 0.049550 0.902439
0 0.852477 0.475610 0.047297 0.853659
0 0.900901 0.500000 0.049550 0.804878
0 0.950450 0.536585 0.054054 0.829268
