0 0.036432 0.500000 0.047739 0.767442
0 0.085427 0.511628 0.055276 0.697674
0 0.138191 0.523256 0.055276 0.767442
0 0.187186 0.511628 0.057789 0.651163
0 0.297739 0.523256 0.047739 0.720930
0 0.350503 0.500000 0.062814 0.813953
0 0.396985 0.523256 0.055276 0.720930
0 0.451005 0.558140 0.062814 0.697674
0 0.560302 0.523256 0.060302 0.767442
0 0.606784 0.500000 0.062814 0.813953
0 0.652010 0.500000 0.057789 0.720930
0 0.708543 0.465116 0.060302 0.744186
0 0.795226 0.523256 0.047739 0.720930
0 0.842965 0.546512 0.052764 0.720930
0 0.891960 0.546512 0.055276 0.767442
0 0.943467 0.546512 0.052764 0.720930
