0 0.036585 0.514706 0.051491 0.676471
0 0.081301 0.602941 0.037940 0.794118
0 0.121951 0.529412 0.043360 0.823529
0 0.165312 0.558824 0.048780 0.882353
0 0.315718 0.485294 0.035230 0.794118
0 0.356369 0.544118 0.046070 0.676471
0 0.395664 0.544118 0.037940 0.676471
0 0.439024 0.500000 0.043360 0.764706
0 0.569106 0.485294 0.043360 0.735294
0 0.607046 0.500000 0.032520 0.764706
0 0.647696 0.500000 0.043360 0.764706
0 0.692412 0.485294 0.040650 0.852941
0 0.818428 0.544118 0.037940 0.852941
0 0.863144 0.455882 0.051491 0.794118
0 0.898374 0.602941 0.051491 0.794118
0 0.939024 0.514706 0.056911 0.911765
