0 0.025937 0.511628 0.046110 0.837209
0 0.074928 0.500000 0.051873 0.767442
0 0.121037 0.511628 0.051873 0.790698
0 0.177233 0.500000 0.060519 0.767442
0 0.293948 0.488372 0.051873 0.744186
0 0.348703 0.488372 0.046110 0.744186
0 0.397695 0.500000 0.051873 0.767442
0 0.449568 0.465116 0.057637 0.744186
0 0.570605 0.500000 0.051873 0.674419
0 0.622478 0.453488 0.057637 0.674419
0 0.668588 0.465116 0.046110 0.744186
0 0.720461 0.511628 0.069164 0.744186
0 0.818444 0.488372 0.051873 0.697674
0 0.870317 0.453488 0.051873 0.674419
0 0.917867 0.441860 0.048991 0.697674
0 0.969741 0.453488 0.048991 0.720930
