0 0.054893 0.486111 0.047733 0.861111
0 0.094272 0.486111 0.050119 0.805556
0 0.140811 0.472222 0.052506 0.833333
0 0.183771 0.444444 0.047733 0.777778
0 0.298329 0.444444 0.042959 0.777778
0 0.346062 0.458333 0.047733 0.750000
0 0.385442 0.458333 0.040573 0.805556
0 0.430788 0.458333 0.040573 0.861111
0 0.548926 0.430556 0.047733 0.805556
0 0.589499 0.430556 0.038186 0.805556
0 0.631265 0.444444 0.050119 0.777778
0 0.680191 0.430556 0.052506 0.805556
0 0.794749 0.472222 0.047733 0.833333
0 0.837709 0.472222 0.052506 0.777778
0 0.885442 0.444444 0.042959 0.833333
0 0.927208 0.458333 0.050119 0.805556
